0.000977
0.002930
0.004883
0.006836
0.008789
0.010742
0.012695
0.014648
0.016602
0.018555
0.020508
0.022461
0.024414
0.026367
0.028320
0.030273
0.032227
0.034180
0.036133
0.038086
0.040039
0.041992
0.043945
0.045898
0.047852
0.049805
0.051758
0.053711
0.055664
0.057617
0.059570
0.061523
0.063477
0.065430
0.067383
0.069336
0.071289
0.073242
0.075195
0.077148
0.079102
0.081055
0.083008
0.084961
0.086914
0.088867
0.090820
0.092773
0.094727
0.096680
0.098633
0.100586
0.102539
0.104492
0.106445
0.108398
0.110352
0.112305
0.114258
0.116211
0.118164
0.120117
0.122070
0.124023
0.125977
0.127930
0.129883
0.131836
0.133789
0.135742
0.137695
0.139648
0.141602
0.143555
0.145508
0.147461
0.149414
0.151367
0.153320
0.155273
0.157227
0.159180
0.161133
0.163086
0.165039
0.166992
0.168945
0.170898
0.172852
0.174805
0.176758
0.178711
0.180664
0.182617
0.184570
0.186523
0.188477
0.190430
0.192383
0.194336
0.196289
0.198242
0.200195
0.202148
0.204102
0.206055
0.208008
0.209961
0.211914
0.213867
0.215820
0.217773
0.219727
0.221680
0.223633
0.225586
0.227539
0.229492
0.231445
0.233398
0.235352
0.237305
0.239258
0.241211
0.243164
0.245117
0.247070
0.249023
0.250977
0.252930
0.254883
0.256836
0.258789
0.260742
0.262695
0.264648
0.266602
0.268555
0.270508
0.272461
0.274414
0.276367
0.278320
0.280273
0.282227
0.284180
0.286133
0.288086
0.290039
0.291992
0.293945
0.295898
0.297852
0.299805
0.301758
0.303711
0.305664
0.307617
0.309570
0.311523
0.313477
0.315430
0.317383
0.319336
0.321289
0.323242
0.325195
0.327148
0.329102
0.331055
0.333008
0.334961
0.336914
0.338867
0.340820
0.342773
0.344727
0.346680
0.348633
0.350586
0.352539
0.354492
0.356445
0.358398
0.360352
0.362305
0.364258
0.366211
0.368164
0.370117
0.372070
0.374023
0.375977
0.377930
0.379883
0.381836
0.383789
0.385742
0.387695
0.389648
0.391602
0.393555
0.395508
0.397461
0.399414
0.401367
0.403320
0.405273
0.407227
0.409180
0.411133
0.413086
0.415039
0.416992
0.418945
0.420898
0.422852
0.424805
0.426758
0.428711
0.430664
0.432617
0.434570
0.436523
0.438477
0.440430
0.442383
0.444336
0.446289
0.448242
0.450195
0.452148
0.454102
0.456055
0.458008
0.459961
0.461914
0.463867
0.465820
0.467773
0.469727
0.471680
0.473633
0.475586
0.477539
0.479492
0.481445
0.483398
0.485352
0.487305
0.489258
0.491211
0.493164
0.495117
0.497070
0.499023
0.500977
0.502930
0.504883
0.506836
0.508789
0.510742
0.512695
0.514648
0.516602
0.518555
0.520508
0.522461
0.524414
0.526367
0.528320
0.530273
0.532227
0.534180
0.536133
0.538086
0.540039
0.541992
0.543945
0.545898
0.547852
0.549805
0.551758
0.553711
0.555664
0.557617
0.559570
0.561523
0.563477
0.565430
0.567383
0.569336
0.571289
0.573242
0.575195
0.577148
0.579102
0.581055
0.583008
0.584961
0.586914
0.588867
0.590820
0.592773
0.594727
0.596680
0.598633
0.600586
0.602539
0.604492
0.606445
0.608398
0.610352
0.612305
0.614258
0.616211
0.618164
0.620117
0.622070
0.624023
0.625977
0.627930
0.629883
0.631836
0.633789
0.635742
0.637695
0.639648
0.641602
0.643555
0.645508
0.647461
0.649414
0.651367
0.653320
0.655273
0.657227
0.659180
0.661133
0.663086
0.665039
0.666992
0.668945
0.670898
0.672852
0.674805
0.676758
0.678711
0.680664
0.682617
0.684570
0.686523
0.688477
0.690430
0.692383
0.694336
0.696289
0.698242
0.700195
0.702148
0.704102
0.706055
0.708008
0.709961
0.711914
0.713867
0.715820
0.717773
0.719727
0.721680
0.723633
0.725586
0.727539
0.729492
0.731445
0.733398
0.735352
0.737305
0.739258
0.741211
0.743164
0.745117
0.747070
0.749023
0.750977
0.752930
0.754883
0.756836
0.758789
0.760742
0.762695
0.764648
0.766602
0.768555
0.770508
0.772461
0.774414
0.776367
0.778320
0.780273
0.782227
0.784180
0.786133
0.788086
0.790039
0.791992
0.793945
0.795898
0.797852
0.799805
0.801758
0.803711
0.805664
0.807617
0.809570
0.811523
0.813477
0.815430
0.817383
0.819336
0.821289
0.823242
0.825195
0.827148
0.829102
0.831055
0.833008
0.834961
0.836914
0.838867
0.840820
0.842773
0.844727
0.846680
0.848633
0.850586
0.852539
0.854492
0.856445
0.858398
0.860352
0.862305
0.864258
0.866211
0.868164
0.870117
0.872070
0.874023
0.875977
0.877930
0.879883
0.881836
0.883789
0.885742
0.887695
0.889648
0.891602
0.893555
0.895508
0.897461
0.899414
0.901367
0.903320
0.905273
0.907227
0.909180
0.911133
0.913086
0.915039
0.916992
0.918945
0.920898
0.922852
0.924805
0.926758
0.928711
0.930664
0.932617
0.934570
0.936523
0.938477
0.940430
0.942383
0.944336
0.946289
0.948242
0.950195
0.952148
0.954102
0.956055
0.958008
0.959961
0.961914
0.963867
0.965820
0.967773
0.969727
0.971680
0.973633
0.975586
0.977539
0.979492
0.981445
0.983398
0.985352
0.987305
0.989258
0.991211
0.993164
0.995117
0.997070
0.999023
0.999023
0.997070
0.995117
0.993164
0.991211
0.989258
0.987305
0.985352
0.983398
0.981445
0.979492
0.977539
0.975586
0.973633
0.971680
0.969727
0.967773
0.965820
0.963867
0.961914
0.959961
0.958008
0.956055
0.954102
0.952148
0.950195
0.948242
0.946289
0.944336
0.942383
0.940430
0.938477
0.936523
0.934570
0.932617
0.930664
0.928711
0.926758
0.924805
0.922852
0.920898
0.918945
0.916992
0.915039
0.913086
0.911133
0.909180
0.907227
0.905273
0.903320
0.901367
0.899414
0.897461
0.895508
0.893555
0.891602
0.889648
0.887695
0.885742
0.883789
0.881836
0.879883
0.877930
0.875977
0.874023
0.872070
0.870117
0.868164
0.866211
0.864258
0.862305
0.860352
0.858398
0.856445
0.854492
0.852539
0.850586
0.848633
0.846680
0.844727
0.842773
0.840820
0.838867
0.836914
0.834961
0.833008
0.831055
0.829102
0.827148
0.825195
0.823242
0.821289
0.819336
0.817383
0.815430
0.813477
0.811523
0.809570
0.807617
0.805664
0.803711
0.801758
0.799805
0.797852
0.795898
0.793945
0.791992
0.790039
0.788086
0.786133
0.784180
0.782227
0.780273
0.778320
0.776367
0.774414
0.772461
0.770508
0.768555
0.766602
0.764648
0.762695
0.760742
0.758789
0.756836
0.754883
0.752930
0.750977
0.749023
0.747070
0.745117
0.743164
0.741211
0.739258
0.737305
0.735352
0.733398
0.731445
0.729492
0.727539
0.725586
0.723633
0.721680
0.719727
0.717773
0.715820
0.713867
0.711914
0.709961
0.708008
0.706055
0.704102
0.702148
0.700195
0.698242
0.696289
0.694336
0.692383
0.690430
0.688477
0.686523
0.684570
0.682617
0.680664
0.678711
0.676758
0.674805
0.672852
0.670898
0.668945
0.666992
0.665039
0.663086
0.661133
0.659180
0.657227
0.655273
0.653320
0.651367
0.649414
0.647461
0.645508
0.643555
0.641602
0.639648
0.637695
0.635742
0.633789
0.631836
0.629883
0.627930
0.625977
0.624023
0.622070
0.620117
0.618164
0.616211
0.614258
0.612305
0.610352
0.608398
0.606445
0.604492
0.602539
0.600586
0.598633
0.596680
0.594727
0.592773
0.590820
0.588867
0.586914
0.584961
0.583008
0.581055
0.579102
0.577148
0.575195
0.573242
0.571289
0.569336
0.567383
0.565430
0.563477
0.561523
0.559570
0.557617
0.555664
0.553711
0.551758
0.549805
0.547852
0.545898
0.543945
0.541992
0.540039
0.538086
0.536133
0.534180
0.532227
0.530273
0.528320
0.526367
0.524414
0.522461
0.520508
0.518555
0.516602
0.514648
0.512695
0.510742
0.508789
0.506836
0.504883
0.502930
0.500977
0.499023
0.497070
0.495117
0.493164
0.491211
0.489258
0.487305
0.485352
0.483398
0.481445
0.479492
0.477539
0.475586
0.473633
0.471680
0.469727
0.467773
0.465820
0.463867
0.461914
0.459961
0.458008
0.456055
0.454102
0.452148
0.450195
0.448242
0.446289
0.444336
0.442383
0.440430
0.438477
0.436523
0.434570
0.432617
0.430664
0.428711
0.426758
0.424805
0.422852
0.420898
0.418945
0.416992
0.415039
0.413086
0.411133
0.409180
0.407227
0.405273
0.403320
0.401367
0.399414
0.397461
0.395508
0.393555
0.391602
0.389648
0.387695
0.385742
0.383789
0.381836
0.379883
0.377930
0.375977
0.374023
0.372070
0.370117
0.368164
0.366211
0.364258
0.362305
0.360352
0.358398
0.356445
0.354492
0.352539
0.350586
0.348633
0.346680
0.344727
0.342773
0.340820
0.338867
0.336914
0.334961
0.333008
0.331055
0.329102
0.327148
0.325195
0.323242
0.321289
0.319336
0.317383
0.315430
0.313477
0.311523
0.309570
0.307617
0.305664
0.303711
0.301758
0.299805
0.297852
0.295898
0.293945
0.291992
0.290039
0.288086
0.286133
0.284180
0.282227
0.280273
0.278320
0.276367
0.274414
0.272461
0.270508
0.268555
0.266602
0.264648
0.262695
0.260742
0.258789
0.256836
0.254883
0.252930
0.250977
0.249023
0.247070
0.245117
0.243164
0.241211
0.239258
0.237305
0.235352
0.233398
0.231445
0.229492
0.227539
0.225586
0.223633
0.221680
0.219727
0.217773
0.215820
0.213867
0.211914
0.209961
0.208008
0.206055
0.204102
0.202148
0.200195
0.198242
0.196289
0.194336
0.192383
0.190430
0.188477
0.186523
0.184570
0.182617
0.180664
0.178711
0.176758
0.174805
0.172852
0.170898
0.168945
0.166992
0.165039
0.163086
0.161133
0.159180
0.157227
0.155273
0.153320
0.151367
0.149414
0.147461
0.145508
0.143555
0.141602
0.139648
0.137695
0.135742
0.133789
0.131836
0.129883
0.127930
0.125977
0.124023
0.122070
0.120117
0.118164
0.116211
0.114258
0.112305
0.110352
0.108398
0.106445
0.104492
0.102539
0.100586
0.098633
0.096680
0.094727
0.092773
0.090820
0.088867
0.086914
0.084961
0.083008
0.081055
0.079102
0.077148
0.075195
0.073242
0.071289
0.069336
0.067383
0.065430
0.063477
0.061523
0.059570
0.057617
0.055664
0.053711
0.051758
0.049805
0.047852
0.045898
0.043945
0.041992
0.040039
0.038086
0.036133
0.034180
0.032227
0.030273
0.028320
0.026367
0.024414
0.022461
0.020508
0.018555
0.016602
0.014648
0.012695
0.010742
0.008789
0.006836
0.004883
0.002930
0.000977
